# Time-averaged data for fix myat1
# TimeStep v_Ntype1in v_Ntype1ou
1000 17 1480
2000 16 1481
3000 14 1483
4000 13 1484
5000 15 1482
6000 13 1484
7000 20 1477
8000 25 1472
9000 33 1464
10000 34 1463
11000 28 1469
12000 28 1469
13000 34 1463
14000 32 1465
15000 32 1465
16000 38 1459
17000 32 1465
18000 37 1460
19000 34 1463
20000 39 1458
21000 36 1461
22000 36 1461
23000 38 1459
24000 35 1462
25000 35 1462
26000 31 1466
27000 37 1460
28000 36 1461
29000 33 1464
30000 36 1461
31000 35 1462
32000 44 1453
33000 37 1460
34000 41 1456
35000 39 1458
36000 49 1448
37000 43 1454
38000 44 1453
39000 48 1449
40000 46 1451
41000 45 1452
42000 48 1449
43000 56 1441
44000 52 1445
45000 50 1447
46000 54 1443
47000 51 1446
48000 52 1445
49000 51 1446
50000 53 1444
51000 55 1442
52000 64 1433
53000 60 1437
54000 60 1437
55000 62 1435
56000 62 1435
57000 59 1438
58000 60 1437
59000 62 1435
60000 61 1436
61000 67 1430
62000 68 1429
63000 71 1426
64000 69 1428
65000 70 1427
66000 67 1430
67000 66 1431
68000 71 1426
69000 72 1425
70000 74 1423
71000 68 1429
72000 68 1429
73000 69 1428
74000 66 1431
75000 68 1429
76000 63 1434
77000 66 1431
78000 68 1429
79000 64 1433
80000 63 1434
81000 64 1433
82000 69 1428
83000 68 1429
84000 73 1424
85000 69 1428
86000 68 1429
87000 69 1428
88000 66 1431
89000 74 1423
90000 72 1425
91000 75 1422
92000 82 1415
93000 72 1425
94000 75 1422
95000 77 1420
96000 79 1418
97000 74 1423
98000 78 1419
99000 78 1419
100000 76 1421
101000 74 1423
102000 72 1425
103000 80 1417
104000 81 1416
105000 80 1417
106000 75 1422
107000 78 1419
108000 78 1419
109000 83 1414
110000 83 1414
111000 86 1411
112000 85 1412
113000 87 1410
114000 89 1408
115000 81 1416
116000 87 1410
117000 90 1407
118000 90 1407
119000 83 1414
120000 91 1406
121000 93 1404
122000 93 1404
123000 98 1399
124000 99 1398
125000 97 1400
126000 103 1394
127000 100 1397
128000 100 1397
129000 98 1399
130000 99 1398
131000 98 1399
132000 101 1396
133000 101 1396
134000 110 1387
135000 102 1395
136000 109 1388
137000 102 1395
138000 101 1396
139000 103 1394
140000 108 1389
141000 108 1389
142000 106 1391
143000 106 1391
144000 103 1394
145000 105 1392
146000 104 1393
147000 104 1393
148000 106 1391
149000 108 1389
150000 101 1396
151000 107 1390
152000 104 1393
153000 102 1395
154000 99 1398
155000 104 1393
156000 99 1398
157000 102 1395
158000 95 1402
159000 91 1406
160000 97 1400
161000 103 1394
162000 99 1398
163000 101 1396
164000 102 1395
165000 99 1398
166000 96 1401
167000 100 1397
168000 106 1391
169000 103 1394
170000 103 1394
171000 105 1392
172000 101 1396
173000 105 1392
174000 106 1391
175000 108 1389
176000 107 1390
177000 110 1387
178000 111 1386
179000 107 1390
180000 113 1384
181000 112 1385
182000 112 1385
183000 113 1384
184000 103 1394
185000 109 1388
186000 110 1387
187000 108 1389
188000 112 1385
189000 112 1385
190000 116 1381
191000 115 1382
192000 115 1382
193000 117 1380
194000 118 1379
195000 119 1378
196000 120 1377
197000 126 1371
198000 120 1377
199000 119 1378
200000 122 1375
201000 119 1378
202000 118 1379
203000 122 1375
204000 123 1374
205000 117 1380
206000 120 1377
207000 113 1384
208000 112 1385
209000 115 1382
210000 115 1382
211000 109 1388
212000 106 1391
213000 114 1383
214000 112 1385
215000 114 1383
216000 121 1376
217000 127 1370
218000 120 1377
219000 121 1376
220000 120 1377
221000 120 1377
222000 121 1376
223000 114 1383
224000 120 1377
225000 117 1380
226000 119 1378
227000 121 1376
228000 127 1370
229000 132 1365
230000 127 1370
231000 130 1367
232000 130 1367
233000 128 1369
234000 129 1368
235000 126 1371
236000 120 1377
237000 126 1371
238000 127 1370
239000 126 1371
240000 127 1370
241000 132 1365
242000 137 1360
243000 139 1358
244000 132 1365
245000 138 1359
246000 141 1356
247000 137 1360
248000 138 1359
249000 139 1358
250000 131 1366
251000 132 1365
252000 137 1360
253000 134 1363
254000 133 1364
255000 137 1360
256000 139 1358
257000 137 1360
258000 143 1354
259000 142 1355
260000 141 1356
261000 145 1352
262000 139 1358
263000 141 1356
264000 146 1351
265000 148 1349
266000 140 1357
267000 136 1361
268000 139 1358
269000 143 1354
270000 137 1360
271000 134 1363
272000 136 1361
273000 131 1366
274000 134 1363
275000 134 1363
276000 128 1369
277000 126 1371
278000 137 1360
279000 132 1365
280000 128 1369
281000 132 1365
282000 124 1373
283000 126 1371
284000 128 1369
285000 131 1366
286000 131 1366
287000 127 1370
288000 132 1365
289000 130 1367
290000 130 1367
291000 135 1362
292000 133 1364
293000 136 1361
294000 135 1362
295000 136 1361
296000 135 1362
297000 130 1367
298000 125 1372
299000 124 1373
300000 125 1372
301000 126 1371
302000 124 1373
303000 126 1371
304000 124 1373
305000 124 1373
306000 128 1369
307000 131 1366
308000 128 1369
309000 136 1361
310000 134 1363
311000 130 1367
312000 132 1365
313000 132 1365
314000 139 1358
315000 138 1359
316000 135 1362
317000 138 1359
318000 138 1359
319000 141 1356
320000 139 1358
321000 138 1359
322000 142 1355
323000 143 1354
324000 145 1352
325000 142 1355
326000 148 1349
327000 145 1352
328000 146 1351
329000 146 1351
330000 155 1342
331000 153 1344
332000 146 1351
333000 141 1356
334000 144 1353
335000 145 1352
336000 152 1345
337000 155 1342
338000 154 1343
339000 151 1346
340000 153 1344
341000 154 1343
342000 150 1347
343000 149 1348
344000 149 1348
345000 144 1353
346000 144 1353
347000 143 1354
348000 153 1344
349000 155 1342
350000 150 1347
351000 156 1341
352000 157 1340
353000 154 1343
354000 153 1344
355000 155 1342
356000 155 1342
357000 163 1334
358000 156 1341
359000 159 1338
360000 160 1337
361000 156 1341
362000 157 1340
363000 155 1342
364000 155 1342
365000 150 1347
366000 156 1341
367000 157 1340
368000 158 1339
369000 156 1341
370000 155 1342
371000 151 1346
372000 151 1346
373000 159 1338
374000 161 1336
375000 160 1337
376000 160 1337
377000 160 1337
378000 159 1338
379000 165 1332
380000 165 1332
381000 170 1327
382000 165 1332
383000 166 1331
384000 164 1333
385000 162 1335
386000 157 1340
387000 158 1339
388000 160 1337
389000 163 1334
390000 161 1336
391000 167 1330
392000 163 1334
393000 168 1329
394000 168 1329
395000 169 1328
396000 170 1327
397000 171 1326
398000 165 1332
399000 163 1334
400000 166 1331
401000 171 1326
402000 164 1333
403000 162 1335
404000 167 1330
405000 163 1334
406000 167 1330
407000 163 1334
408000 169 1328
409000 168 1329
410000 169 1328
411000 163 1334
412000 167 1330
413000 166 1331
414000 168 1329
415000 173 1324
416000 170 1327
417000 175 1322
418000 176 1321
419000 170 1327
420000 164 1333
421000 164 1333
422000 165 1332
423000 163 1334
424000 162 1335
425000 160 1337
426000 163 1334
427000 166 1331
428000 166 1331
429000 170 1327
430000 168 1329
431000 170 1327
432000 164 1333
433000 159 1338
434000 164 1333
435000 163 1334
436000 167 1330
437000 161 1336
438000 158 1339
439000 160 1337
440000 155 1342
441000 153 1344
442000 154 1343
443000 158 1339
444000 152 1345
445000 155 1342
446000 152 1345
447000 154 1343
448000 153 1344
449000 156 1341
450000 158 1339
451000 148 1349
452000 153 1344
453000 157 1340
454000 159 1338
455000 159 1338
456000 157 1340
457000 156 1341
458000 160 1337
459000 161 1336
460000 164 1333
461000 163 1334
462000 163 1334
463000 170 1327
464000 169 1328
465000 170 1327
466000 175 1322
467000 177 1320
468000 174 1323
469000 175 1322
470000 176 1321
471000 171 1326
472000 168 1329
473000 171 1326
474000 168 1329
475000 171 1326
476000 172 1325
477000 172 1325
478000 176 1321
479000 176 1321
480000 178 1319
481000 177 1320
482000 180 1317
483000 174 1323
484000 174 1323
485000 176 1321
486000 174 1323
487000 175 1322
488000 174 1323
489000 170 1327
490000 169 1328
491000 171 1326
492000 172 1325
493000 168 1329
494000 169 1328
495000 172 1325
496000 172 1325
497000 175 1322
498000 170 1327
499000 174 1323
500000 169 1328
501000 166 1331
502000 167 1330
503000 169 1328
504000 167 1330
505000 172 1325
506000 175 1322
507000 171 1326
508000 165 1332
509000 171 1326
510000 170 1327
511000 168 1329
512000 174 1323
513000 170 1327
514000 176 1321
515000 165 1332
516000 172 1325
517000 168 1329
518000 169 1328
519000 160 1337
520000 165 1332
521000 172 1325
522000 166 1331
523000 168 1329
524000 169 1328
525000 167 1330
526000 173 1324
527000 166 1331
528000 170 1327
529000 166 1331
530000 165 1332
531000 167 1330
532000 168 1329
533000 165 1332
534000 163 1334
535000 158 1339
536000 157 1340
537000 162 1335
538000 165 1332
539000 170 1327
540000 163 1334
541000 161 1336
542000 161 1336
543000 162 1335
544000 166 1331
545000 168 1329
546000 162 1335
547000 165 1332
548000 164 1333
549000 172 1325
550000 173 1324
551000 178 1319
552000 176 1321
553000 174 1323
554000 173 1324
555000 170 1327
556000 175 1322
557000 171 1326
558000 181 1316
559000 180 1317
560000 177 1320
561000 180 1317
562000 179 1318
563000 179 1318
564000 172 1325
565000 175 1322
566000 183 1314
567000 184 1313
568000 177 1320
569000 181 1316
570000 184 1313
571000 181 1316
572000 183 1314
573000 179 1318
574000 179 1318
575000 183 1314
576000 186 1311
577000 185 1312
578000 183 1314
579000 182 1315
580000 187 1310
581000 184 1313
582000 187 1310
583000 186 1311
584000 185 1312
585000 189 1308
586000 189 1308
587000 189 1308
588000 188 1309
589000 187 1310
590000 189 1308
591000 189 1308
592000 189 1308
593000 192 1305
594000 187 1310
595000 191 1306
596000 195 1302
597000 189 1308
598000 192 1305
599000 186 1311
600000 191 1306
601000 193 1304
602000 194 1303
603000 199 1298
604000 196 1301
605000 191 1306
606000 200 1297
607000 192 1305
608000 194 1303
609000 187 1310
610000 191 1306
611000 197 1300
612000 198 1299
613000 198 1299
614000 195 1302
615000 200 1297
616000 201 1296
617000 197 1300
618000 196 1301
619000 195 1302
620000 198 1299
621000 189 1308
622000 191 1306
623000 194 1303
624000 193 1304
625000 188 1309
626000 191 1306
627000 190 1307
628000 199 1298
629000 197 1300
630000 200 1297
631000 202 1295
632000 203 1294
633000 200 1297
634000 204 1293
635000 202 1295
636000 203 1294
637000 209 1288
638000 209 1288
639000 206 1291
640000 202 1295
641000 205 1292
642000 209 1288
643000 208 1289
644000 208 1289
645000 208 1289
646000 201 1296
647000 211 1286
648000 204 1293
649000 203 1294
650000 207 1290
651000 207 1290
652000 203 1294
653000 202 1295
654000 204 1293
655000 201 1296
656000 205 1292
657000 199 1298
658000 200 1297
659000 199 1298
660000 195 1302
661000 200 1297
662000 203 1294
663000 204 1293
664000 200 1297
665000 208 1289
666000 208 1289
667000 207 1290
668000 211 1286
669000 208 1289
670000 211 1286
671000 207 1290
672000 210 1287
673000 209 1288
674000 208 1289
675000 208 1289
676000 214 1283
677000 203 1294
678000 203 1294
679000 200 1297
680000 202 1295
681000 200 1297
682000 205 1292
683000 200 1297
684000 198 1299
685000 202 1295
686000 201 1296
687000 207 1290
688000 211 1286
689000 210 1287
690000 210 1287
691000 212 1285
692000 219 1278
693000 212 1285
694000 205 1292
695000 204 1293
696000 207 1290
697000 206 1291
698000 205 1292
699000 202 1295
700000 214 1283
701000 214 1283
702000 214 1283
703000 210 1287
704000 212 1285
705000 213 1284
706000 210 1287
707000 208 1289
708000 213 1284
709000 204 1293
710000 202 1295
711000 201 1296
712000 204 1293
713000 202 1295
714000 201 1296
715000 204 1293
716000 203 1294
717000 202 1295
718000 204 1293
719000 208 1289
720000 203 1294
721000 204 1293
722000 202 1295
723000 204 1293
724000 202 1295
725000 207 1290
726000 203 1294
727000 198 1299
728000 193 1304
729000 198 1299
730000 199 1298
731000 197 1300
732000 199 1298
733000 199 1298
734000 194 1303
735000 192 1305
736000 192 1305
737000 193 1304
738000 193 1304
739000 191 1306
740000 193 1304
741000 196 1301
742000 198 1299
743000 200 1297
744000 198 1299
745000 197 1300
746000 203 1294
747000 202 1295
748000 209 1288
749000 199 1298
750000 207 1290
751000 201 1296
752000 203 1294
753000 200 1297
754000 209 1288
755000 206 1291
756000 205 1292
757000 207 1290
758000 206 1291
759000 203 1294
760000 207 1290
761000 203 1294
762000 204 1293
763000 202 1295
764000 201 1296
765000 203 1294
766000 200 1297
767000 206 1291
768000 209 1288
769000 202 1295
770000 205 1292
771000 205 1292
772000 207 1290
773000 203 1294
774000 203 1294
775000 201 1296
776000 208 1289
777000 206 1291
778000 202 1295
779000 198 1299
780000 197 1300
781000 202 1295
782000 203 1294
783000 207 1290
784000 208 1289
785000 211 1286
786000 206 1291
787000 207 1290
788000 208 1289
789000 211 1286
790000 209 1288
791000 204 1293
792000 210 1287
793000 208 1289
794000 205 1292
795000 208 1289
796000 213 1284
797000 215 1282
798000 212 1285
799000 214 1283
800000 207 1290
801000 204 1293
802000 210 1287
803000 203 1294
804000 212 1285
805000 213 1284
806000 214 1283
807000 207 1290
808000 205 1292
809000 207 1290
810000 209 1288
811000 209 1288
812000 216 1281
813000 220 1277
814000 219 1278
815000 217 1280
816000 211 1286
817000 214 1283
818000 213 1284
819000 216 1281
820000 212 1285
821000 216 1281
822000 211 1286
823000 210 1287
824000 211 1286
825000 211 1286
826000 207 1290
827000 205 1292
828000 213 1284
829000 205 1292
830000 210 1287
831000 211 1286
832000 211 1286
833000 217 1280
834000 216 1281
835000 219 1278
836000 219 1278
837000 216 1281
838000 219 1278
839000 213 1284
840000 210 1287
841000 215 1282
842000 212 1285
843000 216 1281
844000 218 1279
845000 217 1280
846000 217 1280
847000 222 1275
848000 218 1279
849000 215 1282
850000 211 1286
851000 209 1288
852000 211 1286
853000 207 1290
854000 209 1288
855000 210 1287
856000 205 1292
857000 202 1295
858000 200 1297
859000 206 1291
860000 202 1295
861000 200 1297
862000 207 1290
863000 201 1296
864000 198 1299
865000 199 1298
866000 203 1294
867000 203 1294
868000 205 1292
869000 205 1292
870000 205 1292
871000 211 1286
872000 212 1285
873000 210 1287
874000 206 1291
875000 206 1291
876000 208 1289
877000 207 1290
878000 207 1290
879000 216 1281
880000 215 1282
881000 217 1280
882000 215 1282
883000 215 1282
884000 216 1281
885000 217 1280
886000 217 1280
887000 219 1278
888000 219 1278
889000 218 1279
890000 221 1276
891000 217 1280
892000 217 1280
893000 216 1281
894000 212 1285
895000 213 1284
896000 209 1288
897000 215 1282
898000 214 1283
899000 214 1283
900000 218 1279
901000 219 1278
902000 214 1283
903000 214 1283
904000 211 1286
905000 207 1290
906000 211 1286
907000 217 1280
908000 215 1282
909000 214 1283
910000 217 1280
911000 222 1275
912000 215 1282
913000 221 1276
914000 218 1279
915000 224 1273
916000 226 1271
917000 225 1272
918000 225 1272
919000 233 1264
920000 230 1267
921000 232 1265
922000 228 1269
923000 224 1273
924000 228 1269
925000 222 1275
926000 226 1271
927000 224 1273
928000 219 1278
929000 224 1273
930000 222 1275
931000 218 1279
932000 221 1276
933000 217 1280
934000 220 1277
935000 218 1279
936000 220 1277
937000 218 1279
938000 219 1278
939000 212 1285
940000 222 1275
941000 222 1275
942000 212 1285
943000 211 1286
944000 212 1285
945000 205 1292
946000 206 1291
947000 206 1291
948000 206 1291
949000 211 1286
950000 214 1283
951000 208 1289
952000 219 1278
953000 214 1283
954000 217 1280
955000 222 1275
956000 223 1274
957000 220 1277
958000 215 1282
959000 214 1283
960000 209 1288
961000 217 1280
962000 216 1281
963000 215 1282
964000 221 1276
965000 211 1286
966000 213 1284
967000 210 1287
968000 220 1277
969000 213 1284
970000 212 1285
971000 214 1283
972000 214 1283
973000 212 1285
974000 212 1285
975000 208 1289
976000 211 1286
977000 212 1285
978000 210 1287
979000 211 1286
980000 211 1286
981000 217 1280
982000 214 1283
983000 210 1287
984000 207 1290
985000 206 1291
986000 208 1289
987000 205 1292
988000 203 1294
989000 203 1294
990000 203 1294
991000 201 1296
992000 203 1294
993000 202 1295
994000 208 1289
995000 212 1285
996000 214 1283
997000 213 1284
998000 209 1288
999000 205 1292
1000000 214 1283
1001000 211 1286
1002000 212 1285
1003000 213 1284
1004000 211 1286
1005000 215 1282
1006000 217 1280
1007000 221 1276
1008000 218 1279
1009000 223 1274
1010000 221 1276
1011000 219 1278
1012000 213 1284
1013000 217 1280
1014000 213 1284
1015000 211 1286
1016000 213 1284
1017000 215 1282
1018000 215 1282
1019000 211 1286
1020000 213 1284
1021000 213 1284
1022000 221 1276
1023000 220 1277
1024000 216 1281
1025000 217 1280
1026000 213 1284
1027000 220 1277
1028000 219 1278
1029000 219 1278
1030000 215 1282
1031000 216 1281
1032000 218 1279
1033000 211 1286
1034000 220 1277
1035000 217 1280
1036000 216 1281
1037000 227 1270
1038000 223 1274
1039000 223 1274
1040000 223 1274
1041000 224 1273
1042000 227 1270
1043000 221 1276
1044000 235 1262
1045000 234 1263
1046000 231 1266
1047000 234 1263
1048000 235 1262
1049000 229 1268
1050000 233 1264
1051000 231 1266
1052000 232 1265
1053000 234 1263
1054000 228 1269
1055000 226 1271
1056000 231 1266
1057000 234 1263
1058000 237 1260
1059000 232 1265
1060000 224 1273
1061000 228 1269
1062000 222 1275
1063000 223 1274
1064000 222 1275
1065000 223 1274
1066000 223 1274
1067000 231 1266
1068000 234 1263
1069000 231 1266
1070000 235 1262
1071000 237 1260
1072000 237 1260
1073000 241 1256
1074000 234 1263
1075000 229 1268
1076000 235 1262
1077000 239 1258
1078000 233 1264
1079000 236 1261
1080000 238 1259
1081000 235 1262
1082000 242 1255
1083000 242 1255
1084000 236 1261
1085000 236 1261
1086000 236 1261
1087000 235 1262
1088000 234 1263
1089000 242 1255
1090000 246 1251
1091000 247 1250
1092000 246 1251
1093000 238 1259
1094000 243 1254
1095000 243 1254
1096000 241 1256
1097000 244 1253
1098000 245 1252
1099000 238 1259
1100000 241 1256
1101000 238 1259
1102000 233 1264
1103000 240 1257
1104000 240 1257
1105000 243 1254
1106000 245 1252
1107000 237 1260
1108000 242 1255
1109000 250 1247
1110000 241 1256
1111000 238 1259
1112000 247 1250
1113000 244 1253
1114000 245 1252
1115000 247 1250
1116000 247 1250
1117000 249 1248
1118000 249 1248
1119000 249 1248
1120000 253 1244
1121000 251 1246
1122000 252 1245
1123000 250 1247
1124000 247 1250
1125000 247 1250
1126000 248 1249
1127000 248 1249
1128000 243 1254
1129000 248 1249
1130000 255 1242
1131000 257 1240
1132000 247 1250
1133000 252 1245
1134000 257 1240
1135000 256 1241
1136000 261 1236
1137000 257 1240
1138000 260 1237
1139000 259 1238
1140000 262 1235
1141000 264 1233
1142000 266 1231
1143000 266 1231
1144000 260 1237
1145000 260 1237
1146000 262 1235
1147000 261 1236
1148000 262 1235
1149000 259 1238
1150000 257 1240
1151000 258 1239
1152000 264 1233
1153000 254 1243
1154000 254 1243
1155000 259 1238
1156000 260 1237
1157000 258 1239
1158000 258 1239
1159000 265 1232
1160000 259 1238
1161000 265 1232
1162000 266 1231
1163000 269 1228
1164000 265 1232
1165000 263 1234
1166000 262 1235
1167000 256 1241
1168000 257 1240
1169000 261 1236
1170000 264 1233
1171000 258 1239
1172000 256 1241
1173000 256 1241
1174000 255 1242
1175000 261 1236
1176000 253 1244
1177000 256 1241
1178000 253 1244
1179000 254 1243
1180000 249 1248
1181000 250 1247
1182000 252 1245
1183000 251 1246
1184000 250 1247
1185000 253 1244
1186000 252 1245
1187000 252 1245
1188000 259 1238
1189000 258 1239
1190000 263 1234
1191000 256 1241
1192000 255 1242
1193000 257 1240
1194000 258 1239
1195000 258 1239
1196000 251 1246
1197000 252 1245
1198000 257 1240
1199000 254 1243
1200000 252 1245
1201000 255 1242
1202000 259 1238
1203000 255 1242
1204000 255 1242
1205000 255 1242
1206000 253 1244
1207000 252 1245
1208000 255 1242
1209000 262 1235
1210000 260 1237
1211000 260 1237
1212000 258 1239
1213000 261 1236
1214000 254 1243
1215000 250 1247
1216000 246 1251
1217000 242 1255
1218000 243 1254
1219000 248 1249
1220000 246 1251
1221000 241 1256
1222000 249 1248
1223000 247 1250
1224000 244 1253
1225000 246 1251
1226000 246 1251
1227000 252 1245
1228000 246 1251
1229000 255 1242
1230000 253 1244
1231000 253 1244
1232000 253 1244
1233000 258 1239
1234000 261 1236
1235000 257 1240
1236000 254 1243
1237000 250 1247
1238000 252 1245
1239000 260 1237
1240000 261 1236
1241000 260 1237
1242000 265 1232
1243000 256 1241
1244000 258 1239
1245000 252 1245
1246000 258 1239
1247000 258 1239
1248000 260 1237
1249000 256 1241
1250000 256 1241
1251000 250 1247
1252000 247 1250
1253000 251 1246
1254000 246 1251
1255000 244 1253
1256000 246 1251
1257000 252 1245
1258000 249 1248
1259000 247 1250
1260000 252 1245
1261000 247 1250
1262000 248 1249
1263000 251 1246
1264000 252 1245
1265000 249 1248
1266000 257 1240
1267000 253 1244
1268000 254 1243
1269000 259 1238
1270000 258 1239
1271000 253 1244
1272000 252 1245
1273000 252 1245
1274000 253 1244
1275000 256 1241
1276000 257 1240
1277000 263 1234
1278000 259 1238
1279000 262 1235
1280000 260 1237
1281000 260 1237
1282000 254 1243
1283000 256 1241
1284000 258 1239
1285000 257 1240
1286000 262 1235
1287000 256 1241
1288000 259 1238
1289000 253 1244
1290000 257 1240
1291000 255 1242
1292000 254 1243
1293000 257 1240
1294000 257 1240
1295000 259 1238
1296000 258 1239
1297000 253 1244
1298000 257 1240
1299000 254 1243
1300000 252 1245
1301000 248 1249
1302000 246 1251
1303000 253 1244
1304000 254 1243
1305000 261 1236
1306000 262 1235
1307000 260 1237
1308000 265 1232
1309000 257 1240
1310000 257 1240
1311000 262 1235
1312000 263 1234
1313000 267 1230
1314000 260 1237
1315000 265 1232
1316000 262 1235
1317000 266 1231
1318000 263 1234
1319000 267 1230
1320000 257 1240
1321000 262 1235
1322000 261 1236
1323000 262 1235
1324000 266 1231
1325000 270 1227
1326000 268 1229
1327000 264 1233
1328000 262 1235
1329000 263 1234
1330000 268 1229
1331000 271 1226
1332000 275 1222
1333000 275 1222
1334000 278 1219
1335000 275 1222
1336000 284 1213
1337000 287 1210
1338000 288 1209
1339000 286 1211
1340000 283 1214
1341000 282 1215
1342000 283 1214
1343000 281 1216
1344000 274 1223
1345000 280 1217
1346000 277 1220
1347000 278 1219
1348000 269 1228
1349000 273 1224
1350000 268 1229
1351000 269 1228
1352000 271 1226
1353000 272 1225
1354000 278 1219
1355000 272 1225
1356000 268 1229
1357000 273 1224
1358000 271 1226
1359000 268 1229
1360000 266 1231
1361000 264 1233
1362000 264 1233
1363000 272 1225
1364000 272 1225
1365000 264 1233
1366000 268 1229
1367000 267 1230
1368000 264 1233
1369000 266 1231
1370000 266 1231
1371000 265 1232
1372000 265 1232
1373000 267 1230
1374000 266 1231
1375000 273 1224
1376000 267 1230
1377000 266 1231
1378000 269 1228
1379000 274 1223
1380000 266 1231
1381000 259 1238
1382000 266 1231
1383000 265 1232
1384000 268 1229
1385000 270 1227
1386000 269 1228
1387000 270 1227
1388000 270 1227
1389000 264 1233
1390000 264 1233
1391000 262 1235
1392000 260 1237
1393000 263 1234
1394000 261 1236
1395000 258 1239
1396000 257 1240
1397000 250 1247
1398000 250 1247
1399000 252 1245
1400000 253 1244
1401000 252 1245
1402000 255 1242
1403000 254 1243
1404000 260 1237
1405000 259 1238
1406000 265 1232
1407000 266 1231
1408000 257 1240
1409000 263 1234
1410000 259 1238
1411000 256 1241
1412000 256 1241
1413000 257 1240
1414000 249 1248
1415000 250 1247
1416000 246 1251
1417000 254 1243
1418000 250 1247
1419000 256 1241
1420000 253 1244
1421000 255 1242
1422000 259 1238
1423000 259 1238
1424000 253 1244
1425000 251 1246
1426000 243 1254
1427000 250 1247
1428000 247 1250
1429000 251 1246
1430000 250 1247
1431000 249 1248
1432000 256 1241
1433000 251 1246
1434000 253 1244
1435000 250 1247
1436000 252 1245
1437000 255 1242
1438000 249 1248
1439000 241 1256
1440000 251 1246
1441000 247 1250
1442000 250 1247
1443000 245 1252
1444000 251 1246
1445000 259 1238
1446000 254 1243
1447000 256 1241
1448000 252 1245
1449000 253 1244
1450000 253 1244
1451000 259 1238
1452000 259 1238
1453000 257 1240
1454000 263 1234
1455000 258 1239
1456000 256 1241
1457000 253 1244
1458000 257 1240
1459000 258 1239
1460000 261 1236
1461000 264 1233
1462000 257 1240
1463000 260 1237
1464000 260 1237
1465000 266 1231
1466000 261 1236
1467000 262 1235
1468000 261 1236
1469000 263 1234
1470000 259 1238
1471000 263 1234
1472000 261 1236
1473000 262 1235
1474000 256 1241
1475000 256 1241
1476000 264 1233
1477000 260 1237
1478000 257 1240
1479000 257 1240
1480000 255 1242
1481000 261 1236
1482000 262 1235
1483000 259 1238
1484000 259 1238
1485000 258 1239
1486000 256 1241
1487000 257 1240
1488000 262 1235
1489000 265 1232
1490000 262 1235
1491000 261 1236
1492000 263 1234
1493000 259 1238
1494000 265 1232
1495000 265 1232
1496000 266 1231
1497000 266 1231
1498000 267 1230
1499000 272 1225
1500000 272 1225
